,length,molecular_weigth,charge,charge_density,isoelectric,inestability,aromaticity,aliphatic_index,hydrophobic_ratio,hydrophobicity_profile,hydrophobic_profile,inhibition_IC50
length,1.0,0.991312469052702,-0.4008536351108995,-0.42993406397696066,-0.36480141933607285,0.34880601948499373,0.1152212113471296,-0.06568688233452329,-0.4244783859642576,0.17679661277445485,0.12498768892290033,-0.36116879475896385
molecular_weigth,0.991312469052702,1.0,-0.4210963802775826,-0.4411545261694205,-0.3960982385770026,0.3553832428500982,0.17955003301746267,-0.08049197184386006,-0.4798450788219647,0.23874083475232108,0.14250068906935906,-0.36139187999312766
charge,-0.4008536351108995,-0.4210963802775826,1.0,0.9771014195312901,0.8644634186544295,-0.5722417869134239,0.19665153845792444,-0.17247009376796746,0.6202736264630139,0.09104573508266035,-0.38114194341782054,0.3674891788191178
charge_density,-0.42993406397696066,-0.4411545261694205,0.9771014195312901,1.0,0.8717868362516922,-0.5898622777709931,0.1861040255141638,-0.24887085508626958,0.6160528379910319,0.05917657471165314,-0.4848530779108864,0.3508312065252072
isoelectric,-0.36480141933607285,-0.3960982385770026,0.8644634186544295,0.8717868362516922,1.0,-0.40177650154536854,-0.05852843992616984,-0.2818018916584331,0.4328398123816581,-0.09858165787966998,-0.5200825532587258,0.3001201492088427
inestability,0.34880601948499373,0.3553832428500982,-0.5722417869134239,-0.5898622777709931,-0.40177650154536854,1.0,-0.3237597119630009,0.05583577735950981,-0.629490160922003,0.11919562007460142,0.3119774620710644,-0.38721391039594455
aromaticity,0.1152212113471296,0.17955003301746267,0.19665153845792444,0.1861040255141638,-0.05852843992616984,-0.3237597119630009,1.0,-0.041879586723843835,0.25488102976375354,0.4467848551203628,0.2997220034535901,0.0651932001161615
aliphatic_index,-0.06568688233452329,-0.08049197184386006,-0.17247009376796746,-0.24887085508626958,-0.2818018916584331,0.05583577735950981,-0.041879586723843835,1.0,0.21274935391929223,0.056126399509721835,0.5166273699772961,0.19763049768370253
hydrophobic_ratio,-0.4244783859642576,-0.4798450788219647,0.6202736264630139,0.6160528379910319,0.4328398123816581,-0.629490160922003,0.25488102976375354,0.21274935391929223,1.0,-0.17273002510501792,-0.09995240426711265,0.34944174030985914
hydrophobicity_profile,0.17679661277445485,0.23874083475232108,0.09104573508266035,0.05917657471165314,-0.09858165787966998,0.11919562007460142,0.4467848551203628,0.056126399509721835,-0.17273002510501792,1.0,0.4385297432306224,0.0825957281815329
hydrophobic_profile,0.12498768892290033,0.14250068906935906,-0.38114194341782054,-0.4848530779108864,-0.5200825532587258,0.3119774620710644,0.2997220034535901,0.5166273699772961,-0.09995240426711265,0.4385297432306224,1.0,0.09497400694978857
inhibition_IC50,-0.36116879475896385,-0.36139187999312766,0.3674891788191178,0.3508312065252072,0.3001201492088427,-0.38721391039594455,0.0651932001161615,0.19763049768370253,0.34944174030985914,0.0825957281815329,0.09497400694978857,1.0
