,length,molecular_weigth,charge,charge_density,isoelectric,inestability,aromaticity,aliphatic_index,hydrophobic_ratio,hydrophobicity_profile,hydrophobic_profile,inhibition_IC50
length,1.0,0.9865521160458616,-0.43386697753039477,-0.40348992760650293,-0.3870183476128888,0.03311463875137948,0.12870987363454867,0.2006513939984545,0.15644858783411342,0.000783810068899079,-0.19809180580593622,0.004831941484306805
molecular_weigth,0.9865521160458616,1.0,-0.4448876179108237,-0.41853711600324217,-0.4268709191737338,0.07687612902748503,0.18842682627613688,0.1249218517093807,0.04757394509419612,0.032502138658019666,-0.17267857301632322,0.011267538110756758
charge,-0.43386697753039477,-0.4448876179108237,1.0,0.9649275467055256,0.7659481297345977,-0.21678883912261224,0.12636799696688583,-0.1193225617735042,0.19791177290516407,0.25921469287168697,0.0920855731267077,0.0956231020345888
charge_density,-0.40348992760650293,-0.41853711600324217,0.9649275467055256,1.0,0.8355855788985801,-0.23921774721067912,0.10549092390434375,-0.12699477979453075,0.22680601649721188,0.22133463481782514,-0.05252109615445629,0.10406097113467094
isoelectric,-0.3870183476128888,-0.4268709191737338,0.7659481297345977,0.8355855788985801,1.0,-0.2419058197518209,-0.09349568371481645,0.0012384519261563962,0.2382001315786711,0.034902407450688386,-0.17038167774530405,0.09652689018064295
inestability,0.03311463875137948,0.07687612902748503,-0.21678883912261224,-0.23921774721067912,-0.2419058197518209,1.0,-0.30141207153884864,-0.2507204817858055,-0.5537000594566182,-0.08547176063095327,-0.058931452920398544,-0.21723943645291433
aromaticity,0.12870987363454867,0.18842682627613688,0.12636799696688583,0.10549092390434375,-0.09349568371481645,-0.30141207153884864,1.0,0.10093809068192346,0.14657625673013602,0.5901076140329344,0.4747255139050123,0.28268444861898934
aliphatic_index,0.2006513939984545,0.1249218517093807,-0.1193225617735042,-0.12699477979453075,0.0012384519261563962,-0.2507204817858055,0.10093809068192346,1.0,0.660993571481946,0.3022870160628899,0.22806717490207698,0.06793356106074841
hydrophobic_ratio,0.15644858783411342,0.04757394509419612,0.19791177290516407,0.22680601649721188,0.2382001315786711,-0.5537000594566182,0.14657625673013602,0.660993571481946,1.0,0.1362441098778882,0.03996934080825331,0.07994135245902255
hydrophobicity_profile,0.000783810068899079,0.032502138658019666,0.25921469287168697,0.22133463481782514,0.034902407450688386,-0.08547176063095327,0.5901076140329344,0.3022870160628899,0.1362441098778882,1.0,0.5523318891619174,0.222928759238689
hydrophobic_profile,-0.19809180580593622,-0.17267857301632322,0.0920855731267077,-0.05252109615445629,-0.17038167774530405,-0.058931452920398544,0.4747255139050123,0.22806717490207698,0.03996934080825331,0.5523318891619174,1.0,0.1625404356549606
inhibition_IC50,0.004831941484306805,0.011267538110756758,0.0956231020345888,0.10406097113467094,0.09652689018064295,-0.21723943645291433,0.28268444861898934,0.06793356106074841,0.07994135245902255,0.222928759238689,0.1625404356549606,1.0
